166,10,125.44394429354935,0
angle,velocity,netDistanceFromBucket,outcome
228,13,130.62547645234292,0
278,36,122.74085493241607,0
115,44,101.23874059978748,0
52,16,61.412100775153746,0
341,6,112.01432309759417,0
321,13,59.486714416539805,0
198,25,93.86221116438787,0
73,30,71.02899786640009,0
8,7,103.70242708291774,0
176,15,68.52368799924193,0
186,36,86.95659382919727,0
100,5,135.19128322604783,0
151,21,70.69748309202554,0
328,45,18.884951841961524,1
207,27,77.32177662377445,0
197,6,173.67623256661227,0
242,35,26.2845523186106,1
325,40,55.32443144104109,1
221,5,149.70234044416796,0
232,32,90.9517760917483,0
188,0,141.69882037378986,0
233,7,158.16101520308771,0
149,15,81.65239571569391,0
95,23,138.47370067092095,0
32,42,26.34049887961644,1
0,35,85.55058492944681,0
120,5,150.80077945905765,0
70,27,64.02094262768952,0
259,49,132.7157050430333,0
184,46,93.6291072962839,0
290,8,132.05144977631386,0
202,17,61.56506890737036,0
111,45,36.200878808620615,1
166,30,102.24104304965758,0
186,33,87.84654825057103,0
15,43,92.96361595640674,0
191,27,74.43744896612927,0
273,7,136.40276516929336,0
169,7,157.33154146338904,0
151,9,144.3202313576833,0
136,42,67.31385437103978,0
189,1,147.1688958327321,0
165,37,85.00623740036274,0
300,39,125.0990299355794,0
268,31,144.54543668979267,0
111,42,88.0378919349312,0
257,0,142.1875525203805,0
238,5,149.26473960144276,0
232,8,160.9536936135242,0
70,1,142.97171746948698,0
254,14,153.4528537285888,0
195,27,73.72187700101723,0
187,3,153.09119238856132,0
325,28,73.17638684957834,0
29,18,63.301631153715654,0
210,39,154.41247217636084,0
331,4,130.39330592806644,0
94,49,193.59448269854394,0
296,12,113.07632932863753,0
62,33,13.096151354503666,1
314,29,85.90134439744985,0
235,0,138.2861496341993,0
143,10,135.72525621155387,0
262,23,139.94115578427775,0
98,45,188.5294394664405,0
65,18,104.12969005915176,0
354,11,57.3111346665303,0
32,25,96.82429523404335,0
255,23,165.10130255462997,0
123,15,140.2348324189466,0
124,13,152.275430033606,0
147,4,152.22980537064154,0
339,11,65.05090758016425,0
279,29,120.90410600586281,0
25,7,111.68965269739164,0
348,1,140.41201462304707,0
95,16,139.83520893611623,0
319,6,121.82962008299648,0
320,17,53.32133243565301,0
187,30,101.08864396381928,0
112,2,141.2348122399851,0
337,18,71.13871107411096,0
340,30,116.30635307364605,0
21,8,95.46432785444634,0
276,32,130.07429463602418,0
118,43,29.03966971975048,1
127,3,146.63518238347098,0
80,30,112.14988731416739,0
262,1,142.82673359231046,0
161,20,86.7163309428739,0
276,43,149.9775038272664,0
321,46,158.4060086320453,0
119,5,144.9527794346333,0
179,47,90.68640640046763,0
58,18,62.61028166283167,0
27,18,60.092273589262334,0
354,47,85.42313452309295,0
309,11,97.65146128795185,0
139,24,84.10145959188657,0
17,45,89.37247532407494,0
311,48,93.91550654536522,0
214,11,126.23422675688045,0
297,33,14.615196338039524,1
168,19,90.10539349105032,0
334,23,108.2767826347641,0
80,43,112.79216490594548,0
264,22,143.1676777792693,0
315,22,44.65901928062849,0
184,38,96.41697193607187,0
220,49,95.93094476369197,0
108,5,154.7786063154959,0
230,46,110.0842302054458,0
187,30,104.42485388547433,0
299,4,141.24177831522684,0
311,3,144.29993072295383,0
1,42,91.14363449389442,0
41,3,138.36623928832353,0
287,16,115.33539835215494,0
47,40,38.107449524035594,1
8,1,138.7150477757447,0
337,1,143.80957023088882,0
319,7,120.46052299393398,0
202,34,84.31826948419297,0
302,0,141.14840944443165,0
51,44,80.72472154511965,0
111,5,143.19243935132278,0
50,30,8.987500692938196,1
191,4,154.12764937479503,0
257,14,144.77199955815811,0
252,41,90.95128167160408,0
311,10,105.4407735643431,0
115,14,167.34436877770835,0
50,39,57.16815470677545,0
32,3,138.29315795518036,0
161,44,80.11083620065318,0
300,28,33.61752678475994,0
220,27,114.72861433808984,0
42,23,70.61928152387406,0
19,35,71.5724150130588,0
22,41,81.41930038237092,0
355,7,102.22157949124639,0
314,33,60.469404614841686,0
194,21,108.57049420743591,0
109,45,95.35532834049464,0
129,30,118.91872301436848,0
188,19,79.6669937088682,0
216,20,52.86247936617694,0
207,10,129.40114723267297,0
272,34,132.76353784244583,0
299,40,121.00321051702574,0
265,15,134.55094070390138,0
145,14,88.73504758023107,0
38,22,80.54658699562957,0
105,15,142.39400314355083,0
102,26,153.31589068634074,0
217,24,80.17817638265487,0
17,42,78.07047176128184,0
328,18,52.010569028669195,0
266,6,142.32234256460433,0
235,7,148.9258268473236,0
195,31,110.5841664305829,0
201,32,92.16431371698783,0
205,8,147.58564955269628,0
110,6,136.87953083410062,0
225,38,62.21778687111081,0
208,24,119.69983414213395,0
352,8,90.7086183515881,0
355,23,74.21981758706846,0
144,15,78.74148510187868,0
150,1,141.0383563195773,0
322,3,139.84606210065368,0
154,40,80.21517454246387,0
73,37,62.76402777710184,0
67,28,39.39707778056317,0
114,0,136.33859640556364,0
49,18,51.26630153238097,0
278,21,128.56757700765937,0
151,21,63.555757007167394,0
300,43,106.14422316190854,0
16,36,74.62483678451139,0
113,5,141.02700459376393,0
84,42,142.7101391992583,0
232,41,84.37963227612383,0
26,0,135.3656014415024,0
8,49,86.50708409440107,0
350,45,93.27604093048072,0
14,45,88.01488619578632,0
213,40,31.653263502356523,1
349,15,51.6672584094863,0
317,5,126.85912393219785,0
130,27,21.6297105739815,1
118,10,158.0288493598294,0
303,44,84.32757459515088,0
28,17,47.672634608353135,0
44,5,132.50095999604406,0
133,24,48.787475499058374,0
128,0,143.1642239744961,0
246,12,164.5167220794861,0
57,33,80.24204976194021,0
129,41,18.19676905480266,1
270,49,189.49411541761262,0
212,35,13.377429031752238,1
166,0,146.063934514444,0
333,49,33.578529576621726,1
57,19,52.00925136912318,0
196,6,168.68725305124553,0
5,40,84.26655232446029,0
259,41,161.6971769846125,0
100,46,168.84888200790192,0
251,18,170.50943482989487,0
225,29,79.0180174159734,0
52,11,107.96965572531145,0
80,47,132.10001193855985,0
162,44,88.49547516816874,0
146,1,148.73525920985634,0
134,3,147.2681744320467,0
26,10,77.4285997756825,0
82,18,139.67451650109197,0
246,10,157.2334873805888,0
277,1,143.90478772459133,0
152,30,67.82043605330917,0
308,29,10.545577081870478,1
62,35,64.91451852460126,0
60,9,124.44203226470309,0
131,15,115.34940210104287,0
232,9,173.761742234719,0
56,24,62.48831321151998,0
156,31,87.47359822922355,0
296,24,44.487164397679265,0
163,46,96.91595820385628,0
3,37,74.13089379809496,0
279,49,105.70077469015409,0
6,16,59.44132263117523,0
214,41,31.53613314486014,1
92,24,136.18680574347778,0
29,8,105.19267846910972,0
6,47,87.21550952576274,0
107,22,155.6212154842329,0
15,14,59.91569959357782,0
231,6,162.3772879288086,0
331,7,114.07075028841338,0
242,43,124.30645016900152,0
268,46,176.9591495721739,0
210,44,95.28462586928993,0
78,12,133.21587858489994,0
226,16,95.60108009946578,0
65,9,126.77519447432283,0
122,3,144.90403270741072,0
10,5,120.86638039623796,0
142,23,62.69871738799477,0
228,39,66.45147467354312,0
59,32,11.527591665914192,1
355,34,87.61002111238938,0
4,47,86.71826632897749,0
343,27,86.78282285202236,0
289,16,115.76926437470495,0
113,37,63.83569953645528,0
142,10,143.28872782376013,0
286,22,104.92876053907838,0
121,21,111.74772766053917,0
188,18,71.0308123929914,0
269,38,151.80450795656446,0
326,10,85.43789716660942,0
290,16,112.02201183191225,0
104,13,146.39882027452563,0
166,19,73.70643822755456,0
271,48,184.23978084558428,0
191,43,85.00324218992847,0
12,31,90.90431149736227,0
105,46,125.10570019988127,0
62,20,63.921994904539865,0
208,21,78.57338647675893,0
184,26,85.83087586029897,0
348,36,93.30641537929456,0
290,0,141.0859347511549,0
348,24,72.97320144086098,0
217,20,57.952168093075684,0
331,8,104.28899275750238,0
173,45,100.43064115780575,0
244,14,158.0776965338001,0
339,12,65.37676863162207,0
106,13,152.15300435813373,0
238,4,145.23313307082486,0
58,9,118.04912550609681,0
233,31,24.2016721723648,1
235,30,21.722575497142635,1
77,6,140.02498636285662,0
77,39,94.88584559368886,0
94,3,136.7698076495363,0
211,49,77.18332420089995,0
53,49,118.43269612562476,0
283,47,111.53590793645449,0
118,26,71.35665780769351,0
41,39,87.48250135255545,0
119,9,161.00533489730503,0
177,1,148.16259732996332,0
334,28,61.96705525018437,0
257,49,151.72245344656884,0
13,48,86.67856020511853,0
42,4,135.23189767208484,0
187,17,60.75964291520908,0
95,37,158.31739467881255,0
238,18,121.96408406670189,0
288,38,63.811659073505375,0
36,43,79.52036288589386,0
18,3,138.72285791468408,0
81,25,121.4358342718304,0
326,11,78.11242766057015,0
109,24,147.4151849267697,0
284,47,105.93611808059296,0
241,7,157.92561842486438,0
338,48,77.25832904822074,0
102,44,159.4730755675612,0
203,14,78.49092798938808,0
177,29,107.13404652694786,0
278,35,127.71492710364875,0
296,49,132.46988278831458,0
220,35,92.02417036737273,0
199,27,75.50787065839468,0
171,35,93.93285244093666,0
53,8,127.67402913239653,0
51,49,103.24038597112518,1
223,21,62.01690351899446,0
162,1,146.85729755933616,0
219,37,35.97853397152486,1
324,8,105.93808510551524,0
154,20,67.99353502381878,0
286,6,142.50894233045304,0
235,12,159.76557117027846,0
219,9,155.6878078077557,0
350,1,137.7325059547564,0
255,44,124.63042827070853,0
153,30,76.12054178014027,0
127,45,114.96777753637497,0
328,12,63.10934084679822,0
53,47,51.01102937006459,1
240,39,70.42689786759735,0
280,36,113.46701517840306,0
346,8,93.73608165552602,0
301,29,41.279138749072224,0
201,20,79.10910289505347,0
57,33,80.11860308031808,0
237,9,162.7835739871546,0
288,44,92.64623516994764,0
320,42,61.1976690325461,1
132,46,101.78449732388707,0
319,33,35.18609860412975,1
117,14,158.2366183609819,0
260,28,154.46096069200172,0
10,49,92.27734974265954,0
301,36,116.03071509270798,0
65,45,146.19452952749194,0
260,2,144.30418436886075,0
188,39,94.55647253833108,0
48,30,8.061638972397496,1
139,24,82.27623583087048,0
43,43,76.2493678346024,0
156,37,63.18534411729436,0
0,44,92.88398050034489,0
336,40,88.77280679891824,0
67,15,113.48571004259072,0
35,2,139.95304909669764,0
310,33,94.57818096155351,0
53,6,134.60175769328072,0
3,22,89.23460471279446,0
266,47,187.20365937827478,0
244,41,82.47263269974174,0
1,0,144.62962756770912,0
306,24,36.178892801955264,0
64,40,97.75689763526148,0
263,39,174.3968373266739,0
88,39,150.76004151614475,0
158,29,77.8106928253271,0
254,25,152.21185178007426,0
172,13,74.7842771351764,0
71,13,122.53123268695275,0
40,25,116.60542918537958,0
81,12,140.9756116592563,0
132,24,70.44780464872328,0
257,22,169.3096955731481,0
15,4,126.35203786763407,0
153,11,120.33864000961718,0
214,11,130.52278481198962,0
133,0,146.520240454698,0
290,39,23.11787242572564,1
253,40,104.02210318453565,0
104,24,170.25884920984342,0
304,3,144.94674842314421,0
322,32,33.101900965976775,1
156,11,118.29007653975407,0
66,15,115.40760939895353,0
127,47,126.01347528052995,0
22,8,93.16742543689432,0
199,48,85.60999587445775,0
37,46,48.04853328561435,1
260,2,141.33062345467542,0
242,3,141.22077829081937,0
206,38,102.80780400413315,0
17,0,142.61143225429794,0
47,4,139.3467736223671,0
99,33,165.27255086223124,0
318,10,101.49887595915663,0
160,22,118.72426267199016,0
103,37,143.38306950375983,0
122,41,25.0310727462205,1
21,24,81.69214739031476,0
358,10,69.07928766200669,0
229,42,79.27674391866204,0
140,41,82.15246166423634,0
53,49,118.21789689659686,0
170,39,91.95889753308514,0
122,11,167.96707915015696,0
182,21,126.93714943416023,0
164,45,90.29626620321352,0
208,23,104.2245143298899,0
223,3,150.74978760739344,0
173,14,65.24334625571232,0
115,34,34.65457619766872,1
299,45,111.57234989066883,0
314,33,61.04876175713267,0
330,42,19.2799573184827,1
153,47,104.21565266051208,0
352,10,70.3467788291711,0
313,16,51.67828033196884,0
99,45,181.64657755329452,0
191,27,72.7878439897468,0
176,47,89.53024416055013,0
294,37,54.677700489532555,0
42,41,89.02349460243738,0
157,40,87.03648879973966,0
67,33,17.702361913412204,1
278,39,134.10767529158642,0
147,45,166.30937032104822,0
245,33,53.310676785006216,0
144,13,108.3434247241742,0
334,38,93.39115068128648,0
333,45,74.4743454197657,0
125,39,107.13616827522591,0
335,39,5.725068607260351,1
170,40,90.99204653999212,0
267,6,143.68394432592336,0
279,14,132.41100070752384,0
95,30,147.5241549502575,0
300,4,139.51541978749455,0
178,7,151.75395109089385,0
358,23,79.75587652885973,0
120,3,151.8937471011739,0
152,23,110.92242287159762,0
154,23,119.33171162728992,0
119,21,108.07894222729946,0
29,12,61.457881675609194,0
65,38,67.04732500764084,0
109,40,87.32633035297467,0
290,42,47.589725743390396,1
112,38,176.40965632810364,0
32,31,68.83934014288337,0
220,43,74.99541153212785,0
186,49,87.60870283933166,0
303,40,98.53239885753041,0
180,3,150.87218791371404,0
119,23,91.51537202556095,0
230,3,147.7732315979611,0
284,12,132.59099369488496,0
76,45,97.62221369833244,0
99,30,158.13381686602878,0
279,21,128.77676299492066,0
157,28,88.09594716552756,0
358,26,76.46032312530586,0
109,13,157.18087560450783,0
117,15,160.15962571083065,0
160,43,81.9594548107048,0
163,44,79.05803136072663,0
332,34,94.98914525843007,0
290,8,138.248825379253,0
62,24,34.13431356943672,0
108,39,95.58935112992748,0
240,45,126.10369827733902,0
191,21,115.90359474038888,0
278,36,126.23906078873192,0
52,18,45.90702568132402,0
198,43,79.00388557078058,0
260,24,157.08935842984653,0
292,26,53.53453476430122,0
13,2,142.6401414532553,0
187,17,61.52777795502072,0
314,13,86.41281897008714,0
270,22,138.38028763480463,0
22,43,4.105509585472918,1
91,29,136.80910956149117,0
152,15,78.02369190459821,0
82,17,132.8730034256124,0
250,45,41.60314031941199,1
244,34,69.09753203408818,0
263,12,141.15791376753802,0
65,4,145.35111128270748,0
55,21,43.647778177276955,0
190,19,81.24141043755982,0
307,14,93.24768726068507,0
18,41,78.76123002088315,0
220,22,50.672516649061855,0
199,30,92.28426562182597,0
27,21,108.52785170051925,0
121,49,110.02257813342032,0
17,20,117.21860520018103,0
59,4,139.28284908165102,0
330,16,71.91928017769096,0
198,31,106.8630042354861,0
346,17,73.07475417122173,0
78,11,136.65348600405042,0
313,36,43.18285903110839,1
297,37,19.48011535403776,1
60,45,103.24113719473365,0
0,19,121.22318758625241,0
103,39,143.29251634694432,0
180,19,85.90199538165162,0
356,38,88.68699518661491,0
42,4,135.22512872711,0
64,40,99.91521207309454,0
194,4,162.77072904332982,0
302,26,36.803167276484245,0
60,19,65.22314369732743,0
262,20,154.60401627274206,0
30,37,4.696574539422795,1
354,9,79.03274902089694,0
109,9,154.29260358571491,0
340,27,65.92865685841721,0
80,9,145.49936256617312,0
236,2,147.87592275740917,0
225,29,77.89481708734222,0
208,12,108.64372829035065,0
18,15,53.69220301921095,0
8,23,87.57677468884108,0
286,27,90.35155034832655,0
285,3,142.73310024825943,0
277,36,131.3975082959111,0
253,28,133.90710973067755,0
68,29,40.874522208580714,0
326,38,28.827169401659564,1
304,7,129.24943971555086,0
63,14,104.26183298658121,0
39,41,25.998468781891386,1
60,32,107.60928321117017,0
339,30,103.8931561312904,0
226,18,84.28384758788737,0
289,8,136.21884366952665,0
322,37,92.31083515218377,0
291,11,131.5691059923904,0
132,13,142.26486036304607,0
256,26,165.6113448863841,0
56,44,80.30352403615844,0
231,8,169.63486268158448,0
223,41,98.69525942470075,0
224,5,155.65312287206714,0
79,10,142.58867607891014,0
275,3,146.8865883619531,0
241,36,59.90983197009761,0
9,18,94.88463643324637,0
180,14,66.06132897956313,0
193,32,96.23259123748844,0
78,45,116.44229150721698,0
209,9,151.07211069258534,0
212,31,72.10258734387125,0
319,42,66.93912678511697,1
334,2,141.41431759477973,0
65,3,142.28022615971747,0
65,48,151.16145062671768,0
10,13,72.36058104854025,0
321,6,134.1831262010936,0
93,46,180.89936575279887,0
174,44,96.40065869599556,0
172,9,133.20386212265976,0
168,49,88.96563322804995,0
305,36,110.46546374052663,0
70,14,117.35531702996602,0
71,41,25.682165017372334,1
332,23,113.52203627258872,0
265,32,153.69246655038657,0
120,37,75.87545773265586,0
108,2,141.73195892735006,0
306,47,54.737882985072304,1
153,13,91.33432694200548,0
36,8,108.396260213166,0
236,33,73.1389107730977,0
189,13,77.04553823366109,0
280,23,122.72502434207591,0
299,31,13.462253124878092,1
345,17,70.27923742378917,0
242,15,155.0883087864774,0
172,23,108.91677247736287,0
341,33,66.88304619326271,0
37,31,7.06649969159233,1
234,18,105.07655291187027,0
309,6,125.63225305469233,0
180,16,62.21040250771051,0
226,19,63.66052819974904,0
135,39,47.130766456806604,1
236,46,93.44868581371105,0
254,2,142.14805647171738,0
5,13,58.38145883896912,0
131,0,143.1642239744961,0
64,12,118.56302094388727,0
186,16,72.88337580315182,0
137,42,70.7559367510094,0
330,41,4.404211516445099,1
314,33,60.31659790751085,0
356,35,87.87436009937758,0
101,5,143.94108029422208,0
208,25,109.4826019130896,0
316,0,144.59773272959427,0
236,38,22.365470837848278,1
299,31,13.005947184624066,1
110,15,159.32537727865238,0
168,26,87.84680541018469,0
321,10,92.52162419327391,0
55,26,14.686048864082048,1
274,15,135.58515584502285,0
33,46,42.09763345581619,1
297,14,102.21749601143601,0
108,13,154.99442554651606,0
102,4,150.51696644698413,0
33,45,22.304803360445444,1
108,20,153.4846857406905,0
153,44,7.9711139517574,1
358,11,62.18116629585831,0
172,12,88.72712559132137,0
267,24,139.42702102234273,0
349,5,118.58346558414073,0
47,45,95.46451832810538,0
26,38,4.310214130448521,1
234,7,160.04702399135934,0
179,10,116.65876664766597,0
182,20,107.94003036437552,0
50,6,129.52215793975287,0
283,36,92.36574207770907,0
187,4,158.14856985336792,0
247,0,140.23579756392357,0
12,29,69.20613269087302,0
316,11,87.46614988929765,0
290,49,122.4584186521456,0
251,11,153.70489999252496,0
283,49,120.48110012883869,0
57,38,85.20270515665774,0
325,17,55.2920662334921,0
127,45,114.96777753637497,0
123,8,166.421849554274,0
127,12,155.00833173480618,0
333,34,86.39657280236021,0
129,23,72.52137381046713,0
314,30,80.9454415577074,0
288,44,88.6481650958462,0
172,8,148.29956902672436,0
341,46,85.38529329603328,0
275,27,131.68562835014208,0
149,5,164.2335596669803,0
272,34,143.99675289237015,0
197,35,97.62035625411795,0
50,32,80.08928295535898,0
311,22,58.54331391937795,0
76,21,109.41389430139326,0
287,22,103.61840306212682,0
338,45,105.88729543304302,0
320,35,101.25931441704118,0
20,26,78.33145566228268,0
165,27,86.69827597732838,0
71,33,52.22985942865454,0
278,12,141.50442016411748,0
235,32,64.5444249644078,0
91,3,137.8160913367872,0
353,33,82.03792093933018,0
111,44,92.23854071332298,0
192,26,83.1151008953741,0
212,38,32.046655707311466,1
268,22,145.38275181175138,0
302,5,132.5203195501236,0
35,5,126.39167850776256,0
175,28,85.9043884341653,0
51,25,45.49640085809717,0
280,47,131.5237638713218,0
343,27,85.7273741099378,0
205,48,20.18672133363773,1
274,7,140.5633601076113,0
107,28,137.06328845670268,0
174,42,86.4422608999793,0
284,26,106.02186076286992,0
163,3,150.4729589980203,0
247,30,79.2253020198582,0
1,35,93.0557926492475,0
302,30,11.626250068759896,1
170,23,116.19092937637069,0
61,38,104.27558099951233,0
71,44,57.206565871701876,1
176,7,154.13969562381672,0
186,23,101.12955146144853,0
22,22,110.17002513964034,0
281,38,109.63666637456268,0
307,17,74.16303393274491,0
190,0,138.22472383466211,0
263,12,140.6354279209814,0
94,27,136.44272155097545,0
298,22,47.584696744022686,0
213,21,59.300428712708516,0
154,0,140.5979985075966,0
253,42,103.0757254724418,0
140,16,76.76110393744781,0
314,12,83.42376000620459,0
147,44,10.642188751224285,1
295,25,42.442502103901845,0
54,14,82.8974877512937,0
168,44,90.18839819299359,0
111,40,75.5570005502,0
55,44,52.100947598422955,1
286,36,69.18311663723577,0
186,3,146.81185549729662,0
192,14,73.62165213079038,0
333,29,87.99290695430751,0
286,35,69.71269617538168,0
211,0,140.5979985075966,0
85,36,136.98734366260518,0
74,40,75.9884222504119,0
315,2,143.0025982599695,0
12,31,93.64431776419062,0
11,26,143.74567314338447,0
194,18,72.49575171864284,0
142,47,94.05136781004832,0
109,47,43.2734321836695,1
216,5,155.06321621059504,0
239,4,141.817080086286,0
306,15,74.22775956703777,0
23,4,135.33899076256026,0
38,4,131.68702864505755,0
305,7,125.77304380082197,0
126,24,46.879089976489205,0
49,8,116.32315523122021,0
91,12,138.02215765699984,0
143,0,142.48543242707888,0
107,30,130.80641498253743,0
249,16,161.85887343083448,0
203,31,86.73747886193723,0
214,0,137.79847715758774,0
123,46,96.03536187980174,0
270,9,137.33769750068797,0
150,11,131.04893733514052,0
287,16,117.41930577387411,0
249,4,141.18253475243353,0
320,22,64.21955847440137,0
6,38,101.58221129129065,0
148,32,68.42918274397579,0
151,11,122.81923117139932,0
229,43,82.86574865582399,0
335,21,120.5750581675534,0
125,46,72.69761826900155,1
13,6,119.8957284828626,0
228,9,170.28504309514662,0
149,30,66.51083268325087,0
98,14,138.6508721406722,0
10,47,82.85746823641153,0
91,45,175.93482611790955,0
98,1,142.01970935038003,0
43,18,58.529363432727344,0
149,4,151.5717024109686,0
314,37,43.67567817543486,1
250,10,153.66106073122694,0
5,35,92.78296342020998,0
86,20,136.8781795148029,0
322,5,136.43006775058083,0
313,27,8.90760643608296,1
288,37,36.79566460747244,1
215,38,35.63605627947835,1
22,17,66.64776176867841,0
183,44,97.0443014050049,0
167,10,117.33310236795545,0
127,0,142.1551263140439,0
25,1,153.77491277861768,0
175,30,106.36511451013075,0
229,17,102.6315515798805,0
136,44,36.86514821807785,1
59,7,133.37441384572887,0
357,7,101.26109111806413,0
17,27,71.88580247136905,0
130,16,106.17842529265084,0
185,5,161.9779627725506,0
317,35,56.55518919059592,0
80,24,120.93645496523314,0
115,45,108.61893841204615,0
217,12,121.51108341144212,0
335,10,72.52069013515737,0
3,18,95.22161876352222,0
197,0,138.19362029614086,0
180,9,131.9921391886969,0
210,15,77.71296887279182,0
81,23,122.9444271335092,0
10,19,107.99498831521102,0
58,40,104.04451866692936,0
36,39,66.56196800126112,1
336,42,4.749573739817174,1
88,23,138.05162332415148,0
113,25,120.3814139920699,0
303,26,42.26919154708201,0
24,12,65.16345151472441,0
214,3,144.46883811610832,0
305,25,33.38616570709684,0
312,23,42.17949833098918,0
104,36,137.160197057555,0
56,49,103.43754432215107,0
198,0,142.1875525203805,0
240,11,168.57857901773204,0
314,6,131.30884675109047,0
297,27,30.735239490610095,0
271,38,150.90648357890637,0
226,35,69.3551700085432,0
143,31,17.21252244298803,1
102,21,153.4968185128828,0
348,40,64.28080192770528,0
325,33,95.01386702468066,0
169,35,79.59557565058438,0
251,40,87.9997943090399,0
136,1,145.94769610487424,0
137,32,100.5190104986272,0
99,45,183.2748926277138,0
124,37,20.284387028008855,1
184,26,87.1946065846738,0
130,32,112.40734236895607,0
254,13,153.2666207274699,0
247,33,67.99153896123802,0
255,39,122.13878886667138,0
249,37,69.9750741873814,0
2,2,136.3281653658823,0
337,29,76.29480339600755,0
86,46,168.25147089660112,0
145,28,93.53314695087798,0
102,46,150.51075343063758,0
242,30,35.558449427231416,1
114,22,125.33472766591244,0
65,49,141.3996834678162,0
25,14,55.76823129745154,0
185,30,99.82409902715517,0
151,9,142.86493883098325,0
156,14,73.90802359749539,0
329,31,104.64015548836662,0
83,20,130.29707890655092,0
78,5,136.08240696656586,0
63,39,94.88499218625677,0
137,44,75.23627724863158,0
115,17,142.2077007076556,0
69,27,54.27817934288233,0
108,49,48.1011096508103,1
282,23,131.62076292894068,0
303,26,43.80158553906783,0
106,39,110.93893185396797,0
356,30,94.05802735063085,0
220,46,77.59605591126522,0
351,16,59.67490811744916,0
218,25,97.42895050094869,0
187,17,61.40712891664542,0
15,0,138.2861496341993,0
129,41,17.740463114548636,1
329,31,105.93678472801128,0
89,29,138.45117657363662,0
190,7,152.545954952319,0
76,48,43.405311218944384,1
175,45,95.9282341901291,0
52,43,78.12176449574741,0
131,49,99.42655761797593,0
275,28,129.82776706340303,0
10,11,55.607123966995864,0
169,30,102.12937826269604,0
51,26,53.42445796718628,0
20,29,82.12922596261956,0
200,47,89.55720513102203,0
105,13,147.1053167544663,0
258,7,137.77288379720562,0
56,10,112.159181375982,0
173,21,121.49766256126087,0
321,22,70.14385131408508,0
314,26,101.31155507683378,0
336,39,75.64707035077221,0
136,35,16.969608301257654,1
9,12,53.81449888345852,0
95,40,169.6282243586647,0
44,34,43.063016585731994,1
83,26,126.6193524374847,0
278,9,137.83072068405318,0
33,15,49.77828950254156,0
104,36,135.9969851110629,0
339,10,70.86930987342039,0
285,16,122.12904227271385,0
219,17,63.62336840377483,0
331,4,132.14713143962416,0
241,33,47.18429315459337,0
164,18,64.5523106795962,0
75,37,76.83947853155607,0
204,26,94.32958440351462,0
220,13,112.63798895750323,0
270,41,160.1790183985813,0
322,37,87.94992110684309,0
133,16,95.71588436089772,0
145,29,78.72374176856971,0
221,35,39.70668057787817,1
166,43,82.23717637161927,0
58,29,65.19816452010855,0
140,0,137.79847715758774,0
190,18,68.79767372400082,0
257,3,143.12048357925957,0
248,26,108.27474257230853,0
15,6,113.9779604406102,0
131,15,112.53149544022111,0
142,34,43.08228360410267,1
176,39,98.42923224566613,0
243,48,137.32469132439954,0
193,5,159.60789987467308,0
207,48,74.95957322754934,0
47,46,81.13523280913597,1
41,13,71.00706623198626,0
9,46,85.66380633367578,0
72,15,116.02300379399232,0
24,22,121.41158213492909,0
316,0,137.19082520251854,0
314,47,69.4887844471246,1
65,20,73.03823760085913,0
191,45,90.11332346117022,0
117,4,147.09853658831713,0
84,1,141.00293489431644,0
279,10,138.9405702330103,0
261,3,147.24264795480948,0
350,42,78.57460858735183,0
272,13,135.48873172949192,0
288,13,117.23139403910191,0
111,46,40.15824992961069,1
232,31,74.72956634543027,0
354,35,84.606764766554,0
216,14,92.61593609644187,0
210,26,109.96751435131176,0
59,16,84.29660342232508,0
156,38,71.44613864509935,0
144,4,148.34317208152754,0
163,35,78.10582644496618,0
135,31,112.17244928359334,0
141,41,76.02444243819097,0
8,39,92.39220978193116,0
349,12,60.53101060061839,0
288,41,28.037234442679686,1
44,43,79.18305554450063,1
300,11,113.63362524200141,0
356,27,78.20392632868763,0
227,16,97.17547528911354,0
324,2,132.72964011857124,0
208,47,38.38183528799103,1
322,34,31.942208080267395,1
80,43,105.96744382987931,0
239,28,46.81034795077921,0
199,5,162.39995809509418,0
80,4,140.89266821512282,0
318,20,42.51728677359129,0
135,36,53.44330076179346,1
162,25,87.99592040269052,0
210,9,146.98139800626387,0
148,33,81.90097627646925,0
266,44,175.77053802155692,0
136,13,129.54626787618128,0
244,18,140.1224619673716,0
147,28,88.75383168757563,0
17,45,80.01965139971541,0
119,41,84.6286082616144,0
265,10,141.2383352814305,0
103,21,151.64408394074252,0
351,11,54.583347077885534,0
268,37,146.37221836061912,0
258,30,154.38205625502164,0
157,21,86.60896849406775,0
203,34,140.76730196873453,0
313,14,81.71234638410999,0
205,20,64.56168898963897,0
269,2,137.08724491119784,0
242,20,113.97956079754582,0
163,17,62.96644678102294,0
137,13,124.12767878219061,0
195,48,95.98167172829332,0
282,47,118.51973788928439,0
19,44,75.53036109403229,0
195,36,74.71081700879857,0
215,18,56.91286378034805,0
164,17,58.033751543992786,0
66,34,44.74524957816511,0
260,15,144.39140587158644,0
253,47,106.84564474965259,0
162,28,77.10518727721714,0
29,31,76.58415063779964,0
166,15,67.00183756193695,0
126,28,23.463480893600142,1
56,30,62.3379942317286,0
165,41,82.53420061215805,0
259,1,136.36707170845733,0
250,15,159.21619250148464,0
285,45,92.18786403931236,0
296,39,81.40941228248302,0
60,48,70.77894005381599,1
51,30,8.787274979285986,1
288,15,119.75667372738741,0
34,18,46.88156826759329,0
278,5,134.80823150128222,0
323,22,81.5513173398105,0
171,32,89.98980482700279,0
129,41,18.19676905480266,1
164,8,144.2611790784548,0
246,4,139.50878026034982,0
346,0,138.16382016657977,0
273,38,144.0526432745106,0
171,12,85.55468630540966,0
197,0,138.2861496341993,0
184,12,83.48631894731534,0
161,0,134.3628063404334,0
247,6,144.16882029269112,0
93,11,136.35112586928247,0
130,3,143.12050065755707,0
314,30,79.41823852141505,0
280,8,138.77589839017847,0
359,41,80.03877366829742,0
20,15,52.08495900975834,0
193,38,93.36153357803083,0
226,2,138.5040522026064,0
152,28,71.42566586663072,0
27,40,63.23442732059182,0
255,43,122.18271172941716,0
176,21,122.20182297981445,0
169,20,94.80659511505422,0
251,16,148.74933596616086,0
226,18,81.85338423328942,0
217,36,37.111234274290624,1
343,9,80.56184988958523,0
233,43,75.88346587885891,0
157,19,60.23593846837548,0
212,15,84.24913069325503,0
335,29,66.63413992018044,0
287,1,133.73372486454022,0
95,5,139.2430561394486,0
186,10,112.09200029834548,0
24,35,70.59600628411121,0
265,17,143.63419125404278,0
40,43,57.94556557266607,1
208,31,66.14439025380867,0
194,33,94.80634356216835,0
165,27,82.4712329904571,0
145,47,50.73846814329103,1
97,7,145.1185351051264,0
35,11,74.1357056978564,0
143,4,149.427562172363,0
311,30,93.27180963096329,0
315,41,37.893095810749564,1
210,39,146.56783026941574,0
224,18,67.89764372593211,0
281,18,123.32714551986264,0
0,20,110.87277658525171,0
18,19,95.896655375951,0
45,8,109.44608370345775,0
203,26,95.53971831876231,0
283,6,132.41070134251254,0
65,16,93.79954551499317,0
124,44,86.51086705003746,0
15,23,79.16205554981694,0
13,32,80.0861524301324,0
8,8,86.62979553066465,0
280,1,131.32361024468744,0
125,28,23.830219444982855,1
354,1,136.89100005334782,0
243,2,143.60597496534464,0
119,41,80.67733286164271,0
57,21,37.334229124250065,0
168,38,92.60280510959636,0
25,16,47.88802079077059,0
20,29,85.23656128033244,0
290,8,128.79193034432956,0
109,6,140.19396968756115,0
232,8,155.96218089272432,0
155,42,93.9020775016485,0
147,12,112.79491400149656,0
311,37,46.43428838511675,1
31,44,82.47922342236629,0
156,18,53.97435209220982,0
247,4,141.81366671760125,0
131,20,59.69361357563914,0
290,45,33.6768651997345,1
327,38,23.869748278370757,1
265,0,140.23579756392357,0
273,11,132.1343763052894,0
308,21,60.883792617843454,0
328,27,66.98354294005365,0
250,36,78.49602264526479,0
69,10,122.76364841175544,0
114,41,45.283321182666256,1
201,20,79.10910289505347,0
4,26,73.88477286527386,0
254,41,110.06658402334652,0
267,43,157.9451249488927,0
338,34,75.87865035028334,0
311,6,126.51036662050389,0
78,33,99.68393375484152,0
332,17,64.4651362340753,0
225,0,134.3037196841744,0
174,13,84.01557846467075,0
33,12,63.84992049110674,0
140,17,70.01913990918803,0
39,14,50.631039016867156,0
38,21,62.91247359348341,0
231,15,117.79045868646736,0
224,36,49.64886246743983,1
160,45,73.70547647467097,0
206,11,110.88628875375542,0
176,37,93.4854914938148,0
205,12,98.06990360047311,0
184,38,91.25980980676712,0
247,37,61.39368051874713,0
257,14,141.68003030828797,0
43,17,56.62963734475539,0
330,0,137.7684178944081,0
306,38,85.8432958811738,0
74,13,121.20289783168212,0
60,3,137.83787464391898,0
234,9,166.5032642429658,0
209,1,143.25011732405787,0
224,17,89.53141170962685,0
351,0,137.79847715758774,0
196,46,80.1385560655389,0
190,38,92.10165925942913,0
285,8,134.80609386109106,0
146,25,123.24187541603978,0
141,34,44.51595932836341,1
209,2,137.13594781075847,0
80,49,133.92118021097204,0
23,31,92.7332291766255,0
315,44,93.95235702498361,0
20,5,117.77323055989098,0
275,10,141.0534108922584,0
236,39,111.30126160097153,0
185,0,135.85144915426847,0
357,43,89.39501510180516,0
188,8,144.83041196559796,0
317,31,44.77019301569001,1
354,31,82.75922327646109,0
336,37,71.145963068167,0
247,5,141.84178660884874,0
1,38,88.8674858557656,0
16,36,73.68653333325054,0
195,27,70.83468825977249,0
177,29,94.55417401165431,0
99,22,139.93629732718375,0
191,34,76.72089898823826,0
229,38,65.03199731401467,0
80,45,123.35216073925362,0
267,35,139.57181080009153,0
261,14,138.20851445191843,0
96,38,157.66808779650606,0
288,26,77.92530283336221,0
151,39,30.120754634790433,1
156,18,54.237098772834266,0
231,37,87.20803610992735,0
331,7,101.89921075607984,0
236,49,102.44708553184206,0
120,43,128.7274341902718,0
15,28,80.25090321902265,0
75,6,128.1350506609179,0
140,49,90.92724343233307,0
230,4,150.1963152744301,0
191,3,143.22244565836885,0
357,19,109.58109934685515,0
285,4,133.8325081193518,0
267,31,139.17852271705405,0
270,32,133.07623397915688,0
120,23,79.31153821322637,0
140,17,70.25791720870214,0
315,20,40.11188884704079,0
297,7,124.76722926018117,0
327,9,89.2647248247869,0
292,41,70.76026663223077,0
167,40,94.22215842428274,0
205,3,138.4221411590926,0
294,25,48.91215830094675,0
311,1,135.60520364532314,0
218,48,89.52663097339085,0
265,40,159.60623455749294,0
61,5,133.48046165671326,0
256,11,139.04278816808954,0
253,33,117.93621855226208,0
333,37,5.623651563164594,1
98,45,178.6589104518418,0
170,7,146.25469794268002,0
223,17,70.2649832148639,0
351,0,134.8787156460865,0
224,37,58.88218182697496,0
18,9,84.40177864959941,0
109,31,105.64049861296701,0
293,44,99.44530455283596,0
221,24,58.22250362601861,0
53,45,95.3559083904192,0
95,42,162.28581449053542,0
327,24,119.46230699180181,0
192,37,90.15451065179852,0
165,30,87.744099997546,0
270,32,133.07623397915688,0
122,37,21.133143405674474,1
158,27,71.46933233979895,0
67,15,107.48855596512631,0
358,49,80.77003145340272,0
36,9,96.14134388461618,0
231,8,155.1570373178273,0
236,22,68.14208151183661,0
79,21,114.4797701425655,0
221,29,99.63386120089807,0
94,28,134.18729595439356,0
358,18,98.5149675742793,0
79,33,100.84172901060366,0
201,10,117.86406249268775,0
351,20,114.03484726296332,0
121,47,98.04953470270156,0
336,29,81.44863850521125,0
342,30,95.62846901415598,0
4,42,80.5503797927124,0
337,40,82.20018138085526,0
222,35,41.58060389402573,1
357,1,131.95230773025446,0
298,42,124.0801404374939,0
340,45,84.92719524934422,0
157,16,74.17824893718928,0
195,8,137.08553596581902,0
102,10,140.25342427021258,0
215,32,57.69666909823447,0
200,2,146.0508378211081,0
57,2,131.7198161449476,0
234,21,88.25816550019965,0
259,43,153.5695902365992,0
6,18,87.49705114313484,0
308,36,76.00302174161679,0
264,35,148.64347768363714,0
319,11,80.61932386394605,0
249,42,85.39661717860594,0
173,19,79.0926631924073,0
320,49,83.67414710215716,0
198,14,73.83613465457056,0
108,23,148.50149119643334,0
188,41,86.07191916050705,0
120,30,28.14363527491967,1
276,39,130.78333205090985,0
337,4,124.08143146245531,0
15,21,114.43119528491768,0
136,6,151.403604165767,0
255,0,131.9636184801718,0
352,25,69.177380875435,0
62,41,19.794889514493917,1
152,26,92.24682824734396,0
71,1,133.10287567779105,0
1,13,57.88824937895296,0
255,3,138.66991451883715,0
105,18,149.69096113374772,0
97,48,186.0530586160149,0
293,47,126.81992148428576,0
54,9,110.42820090094938,0
239,36,23.20452478345552,1
184,49,85.50565444442535,0
250,25,124.87671454844833,0
154,38,69.09396446965565,0
321,49,86.07486103500234,0
207,28,68.53353656955113,0
319,36,64.91170626311015,0
309,1,134.79085097376725,0
111,42,81.84639925690821,0
50,34,78.73305132129126,0
204,8,143.22497795721694,0
37,44,56.45007355163461,1
138,35,12.464183743941906,1
357,41,86.58644453687415,0
52,47,108.39417807005756,0
111,49,111.55168557944877,0
224,46,77.91581129189733,0
322,20,49.427710907063556,0
322,21,69.61028891322425,0
184,31,101.77264300543477,0
329,28,61.766210395627866,0
199,46,104.48920224139938,0
128,13,136.08134956959043,0
13,43,88.40445613772074,0
209,2,135.4249600930906,0
9,13,54.440754635643394,0
132,42,78.4514926309297,0
13,15,53.96502452675457,0
263,13,139.4697072003066,0
302,42,91.57263741355419,0
268,20,131.64194505414136,0
130,33,112.45006011694429,0
108,7,137.35944180202853,0
58,37,112.75111356342146,0
69,10,120.59556948710019,0
117,6,143.7136965498161,0
345,3,123.83851509939993,0
243,43,31.570422821200452,1
38,11,75.13361286651484,0
341,6,105.67289669085105,0
288,47,68.06217304842447,1
136,33,18.741092218775233,1
318,8,111.27691691476011,0
208,20,58.92708337672432,0
188,21,120.2412307393329,0
317,35,53.127929676897935,0
17,30,87.88624118522071,0
62,47,108.35945625669257,0
185,11,94.0019659518977,0
199,33,87.89290534918666,0
244,9,146.3928711406613,0
211,35,89.04721417263639,0
87,8,131.10529697810972,0
30,4,122.92750771168267,0
181,27,79.4824677642679,0
201,36,84.35141424437785,0
211,11,120.54478780288551,0
284,30,87.38707639642038,0
253,30,122.97554035773267,0
339,22,117.02110582585112,0
246,42,32.568123550950496,1
282,5,130.7737165116988,0
30,19,59.946163173966745,0
302,13,90.97885379435749,0
216,24,81.7069527584456,0
350,48,77.08291966460428,0
149,6,153.60397924387826,0
238,29,27.27849827852252,1
95,7,137.32096794214172,0
302,16,86.72007005231433,0
66,35,16.553834682178845,1
8,41,77.4344464854822,0
246,20,133.35650362803423,0
312,16,51.52794611961288,0
14,11,55.81095245197292,0
228,42,93.19708332784495,0
185,23,123.08484580600377,0
159,43,76.53780996961306,0
293,23,62.92858962505245,0
307,37,76.74246159721716,0
7,45,93.33709039380545,0
158,9,131.47997794213092,0
161,41,83.81103095947003,0
210,14,80.74098061101233,0
277,38,123.11803600365121,0
325,33,91.78932696489403,0
48,15,69.63347592818359,0
312,25,33.25773349249422,0
325,9,89.61077305585567,0
68,16,100.53416934048026,0
303,22,33.41857430172891,0
224,42,94.6352657124032,0
230,29,46.56097670848257,0
133,44,98.62898329334321,0
90,16,133.1409560532767,0
313,17,61.466759346336154,0
277,24,123.1284929964845,0
32,20,70.52244975488327,0
208,10,123.54316340370023,0
227,40,63.763461519347,0
354,29,106.41377912135074,0
268,38,141.1741225828944,0
300,16,81.16065219160735,0
241,6,135.60802657481008,0
176,40,93.80920312378103,0
2,18,89.679655228242,0
10,20,117.27523393170377,0
211,27,86.08496705566614,0
257,25,154.0286383774354,0
306,47,53.82527110456425,1
255,5,138.83146002358873,0
46,43,88.13979294998167,0
302,35,98.40410957290067,0
346,34,75.60779397733175,0
336,47,64.9209819437092,0
197,31,93.0422846634654,0
63,24,52.106157656595904,0
260,4,136.81315552316835,0
229,8,164.84924949464934,0
199,49,86.63488842911715,0
272,6,138.901453992447,0
14,16,59.56951575093926,0
212,46,78.24902836683096,0
316,22,47.18628205808443,0
351,35,79.60237330514835,0
132,7,150.51033754736702,0
48,30,8.97425085290555,1
214,39,11.187936989875139,1
302,13,90.65642001892161,0
350,31,93.50461635313084,0
215,11,122.16235127231117,0
67,11,117.99964001766736,0
235,48,95.51287169438262,0
230,0,131.33467335960597,0
45,42,32.946546574209464,1
296,20,68.1677013428325,0
326,32,93.45320316800287,0
23,31,88.54098704914513,0
78,32,95.72669296297111,0
216,30,73.60068042513996,0
49,0,132.87623036067987,0
355,17,80.08536609344063,0
341,21,111.8425014225516,0
101,1,135.97703119094993,0
193,24,92.36588774106669,0
188,46,86.13210482692696,0
65,35,16.461140599020478,1
235,22,63.45097418828245,0
118,1,137.62824503181056,0
175,32,93.90605312676269,0
122,32,29.117346746206763,1
125,4,139.5280286441977,0
129,23,67.12058460062423,0
277,0,134.39312551256052,0
57,18,55.86327804880916,0
263,22,140.44286057102815,0
201,11,104.34477519650723,0
101,6,133.32160739952113,0
109,17,157.69662517688238,0
45,15,56.74011014234478,0
62,28,51.86910789643433,0
276,9,132.71448638244573,0
73,43,29.751867715660577,1
111,22,131.57827916446504,0
248,19,157.92301393535465,0
141,36,11.929283522692288,1
151,49,42.67522448093644,1
167,47,85.57280580794878,0
13,42,75.07037248608856,0
37,38,81.17630086914843,0
37,27,45.57759763001402,0
275,0,132.41992442042584,0
74,36,73.95431946257294,0
138,24,54.80643167542791,0
120,33,36.097777224864736,1
99,7,135.31551520606797,0
350,24,71.76592352111818,0
337,37,70.25692909522188,0
357,5,113.26761839454466,0
327,27,69.81154604235908,0
303,16,70.62554148641814,0
345,49,74.51441275548542,0
239,23,76.5855584578772,0
130,14,120.67814937158661,0
127,3,140.1052971271172,0
178,15,69.90629692807079,0
107,25,136.60431168186113,0
343,35,86.89776730021859,0
142,21,48.580365632334185,0
251,12,142.2527580339652,0
325,1,135.74800003399767,0
102,11,135.18240325670055,0
156,3,142.2917186673053,0
239,24,65.46002844312751,0
219,22,48.84331319138169,0
324,36,29.57711839765853,1
12,47,79.87146531953559,0
68,31,23.842588198188004,1
212,26,101.97490872736246,0
109,27,118.69436878442635,0
77,16,120.43145515575422,0
294,37,52.85531367209544,0
207,16,58.367743498548705,0
160,27,72.5226242316013,0
7,5,112.32881000313093,0
269,26,129.4959042574303,0
86,12,129.55077039719345,0
33,0,135.82190738175646,0
289,43,76.96063454576928,0
30,30,59.887719104242976,0
98,20,134.85228817839024,0
145,7,162.4175528468495,0
212,36,10.3094949733595,1
23,43,4.1279079228859,1
16,16,51.78240783002916,0
328,4,120.9050961588249,0
235,25,29.742075520813096,1
189,11,95.57932427811929,0
170,36,87.99160041566367,0
110,27,116.02374623216616,0
7,12,60.55701506619694,0
37,17,48.820123792618716,0
117,8,142.3134115338792,0
147,1,135.26823630233258,0
281,44,111.41452460318737,0
294,2,140.36072601084734,0
47,16,50.574369604810684,0
172,48,83.84411558560693,0
294,27,63.850225738991846,0
50,0,135.85144915426847,0
296,12,110.30015688072974,0
332,3,127.35272327098487,0
328,5,120.35588753579732,0
204,43,73.64561331975001,0
295,2,138.09724309314183,0
127,10,155.06899395312675,0
120,44,26.66733308233877,1
315,10,93.46067518470561,0
149,48,74.07530526423584,0
247,44,89.36818151028903,0
338,42,76.828655077324,0
48,18,64.54370750233734,0
5,31,89.9471171242972,0
136,47,78.24512074182233,0
211,4,146.00103306368942,0
204,11,115.92349035078693,0
267,38,145.65883170793865,0
1,13,58.34565321230491,0
271,0,137.79847715758774,0
129,34,110.21467735366446,0
123,37,19.783289927181855,1
265,24,134.4578896836976,0
234,21,88.08885200074276,0
51,12,86.6088238672108,0
281,4,139.28693206148702,0
296,41,22.456079583129004,1
67,41,67.85808435264482,0
356,20,125.94158896229327,0
229,3,139.80337461634852,0
159,28,67.67447086581357,0
210,8,149.30432450340078,0
125,43,106.11422709601327,0
215,29,102.33516718074034,0
128,14,133.29010680223985,0
237,4,141.94749535370258,0
294,5,140.97751638904745,0
72,37,35.10483704189544,1
141,16,73.20251841366537,0
296,18,83.58334016328199,0
43,3,131.59256938120728,0
50,34,80.48646237404604,0
294,31,17.244975762106602,1
213,34,12.231868788648553,1
236,25,44.54667334245636,0
85,48,161.83793962164518,0
227,7,156.84240936946964,0
112,35,68.08595857084643,0
17,23,83.50514804971989,0
253,9,137.80661875181792,0
243,46,134.85249956912867,0
314,14,66.80641624355223,0
53,16,75.24361895142671,0
88,43,156.64473419936402,0
351,31,84.45935086950814,0
184,34,82.58193100010264,0
52,14,81.37318490482427,0
199,27,71.2403728098837,0
199,34,80.7627533537762,0
170,3,146.89800078253262,0
182,24,82.09568511346554,0
135,3,145.2703338345632,0
63,46,122.79870195353294,0
186,43,92.11085064306185,0
343,6,115.54644958653395,0
200,48,88.87561184493413,0
161,40,83.84710616695354,0
59,3,133.63261246235498,0
212,2,138.64782503806356,0
300,6,124.2752135645711,0
67,38,56.23000116750574,0
352,24,69.59913852138898,0
229,38,64.82794726636502,0
195,16,67.93118740789146,0
335,21,111.55781554905542,0
46,15,59.436060937591094,0
311,19,43.52686006109603,0
168,13,80.98064181167142,0
125,8,153.06977173566267,0
152,42,9.21713144040695,1
61,19,62.93534302757465,0
322,36,76.38684857190786,0
66,44,26.977366981971212,1
141,2,138.32863767578812,0
286,10,126.68085359508491,0
224,23,46.03681494765023,0
140,6,152.54526736594696,0
103,23,154.95296131177525,0
35,47,73.51191038735082,0
334,16,47.39558783760712,0
82,46,140.0547888675954,0
137,1,138.96571728974246,0
336,29,83.37721950137175,0
126,3,138.1588168444558,0
205,28,70.4661160126914,0
303,4,129.30977787519106,0
127,35,113.49347159807526,0
38,38,92.28303527224894,0
201,42,81.0125312571816,0
37,14,60.1240984643743,0
315,16,51.246539279180006,0
254,0,136.33859640556364,0
72,33,56.6213101802116,0
254,2,137.22681207258174,0
195,21,102.4877006508391,0
52,3,136.19088345410887,0
79,24,109.70951346015973,0
255,18,150.07606700491837,0
242,28,159.2989704530905,0
95,12,134.84453454609002,0
94,39,152.72826410898563,0
62,11,118.88130645419885,0
334,31,100.15708590684292,0
210,16,76.79328091096835,0
127,21,63.405836724232685,0
94,46,174.1012137192605,0
284,20,111.1230167616679,0
305,15,75.70456243145694,0
208,26,91.32309371424378,0
147,17,57.67426943336024,0
288,42,29.79771809334713,1
18,26,65.33344513808801,0
346,12,60.81813637280105,0
118,10,156.6599315390673,0
175,6,159.92521551872235,0
226,20,52.07009718068822,0
293,31,43.36733338697238,0
181,15,63.46648483443724,0
92,35,138.8505254104536,0
106,34,120.29138916029186,0
357,7,94.89318234572171,0
49,26,39.87680211267152,0
283,24,103.17043249904675,0
123,46,94.31263714458102,0
320,38,88.33085959183697,0
317,35,54.68223197977169,0
338,44,5.698730127187897,1
306,12,94.15844047909115,0
165,3,144.1934787958354,0
134,36,14.388232610551823,1
181,49,119.08961994879813,0
52,42,45.74563384600462,1
115,24,103.09370576186954,0
201,41,81.96521202521363,0
153,41,92.56843849207823,0
120,28,33.328357691862,1
265,40,159.7508871273193,0
169,12,96.26405540452149,0
181,29,105.31845248311468,0
117,33,62.05287735281177,0
202,9,130.99472746774902,0
70,30,50.96538480336541,0
325,7,110.20852012876757,0
55,42,76.19507887497669,0
225,6,151.6267920798093,0
168,0,137.7684178944081,0
299,33,51.84491898657313,0
122,49,72.61078979508845,1
123,26,31.9745853624423,1
18,13,62.45935334541937,0
117,22,102.91395978358747,0
8,45,98.07760053633403,0
327,18,53.46368799058872,0
321,34,40.29067765134776,1
75,19,116.15503106009378,0
92,48,161.72115995909533,0
4,22,91.58432705462256,0
340,7,101.20963786152912,0
289,38,24.002462891454204,1
175,29,95.51164137495809,0
325,6,116.08957667142946,0
316,18,53.78920897069641,0
74,46,37.484129879290435,1
176,15,62.89633866969902,0
313,34,77.72428982743445,0
237,40,117.46986536711341,0
115,31,58.8893058174135,0
58,36,111.40336873204043,0
338,27,64.96214860036648,0
55,0,132.87623036067987,0
279,40,118.62078820645961,0
52,24,13.314255010182736,1
60,2,138.2999287251677,0
203,46,8.607268754939966,1
215,10,134.1110027143354,0
56,23,48.72361920080732,0
254,46,112.37284021854131,0
317,34,51.540774696252534,1
291,18,107.97019150543385,0
349,43,87.52093191114983,0
72,38,36.687196010783154,1
53,21,42.34142172412917,0
112,19,161.75357734328983,0
249,9,145.82968997354203,0
95,35,149.2207792463106,0
198,47,82.34535665909215,0
88,49,184.9634768993465,0
242,12,159.8734564555267,0
36,12,64.13130915434972,0
117,39,67.78270093619787,0
158,34,83.1544110066545,0
304,0,138.2547830978418,0
10,4,122.8379226583494,0
70,1,137.54770653874343,0
276,13,136.92109088723905,0
231,44,82.5607621061426,0
214,5,156.2783748475518,0
324,29,68.38586433461866,0
262,4,136.28003650759197,0
77,46,104.13801521996517,0
21,10,71.81350918172444,0
10,49,82.16710729206704,0
161,42,86.1552400379507,0
327,29,60.18585935070667,0
212,33,69.95315603926169,0
5,22,87.44778578441536,0
284,42,88.67891513337477,0
252,0,140.69210350417762,0
263,2,136.88102107174046,0
160,27,73.93651977977419,0
151,26,93.94086008020086,0
118,34,50.35053060666996,0
357,20,113.6989170792982,0
65,12,114.18614705943232,0
83,23,127.60594160448856,0
302,26,35.277838119402055,0
327,40,70.38362562168287,0
179,27,77.96330194235271,0
142,10,139.45030702174515,0
355,44,87.35295861186283,0
7,44,86.84906810045945,0
249,20,144.05718833185946,0
105,28,144.4481023329785,0
198,40,89.22114421258836,0
192,9,126.39297627619497,0
236,12,154.607967417764,0
333,36,76.55522732983688,0
315,8,111.43759690228784,0
167,4,149.2638153838176,0
108,26,130.50432992950317,0
330,15,62.45210019713697,0
89,43,165.85323082972755,0
192,25,77.33820878389045,0
352,1,135.11778534368432,0
267,21,132.73017216837033,0
155,12,99.83721006865434,0
80,14,132.41173223008565,0
317,36,39.04648992430096,1
299,18,68.50645871073982,0
307,12,92.87707135739464,0
84,16,127.10923363369832,0
348,39,87.20409838572995,0
76,3,139.9497862631768,0
117,13,168.62457105867693,0
286,34,67.86780816495683,0
321,18,51.021252221654095,0
313,38,60.94692586834428,0
262,33,157.1621509372496,0
287,32,73.82317329643226,0
290,37,65.02115810931775,0
295,10,119.7349781828022,0
349,8,89.53306655864424,0
23,7,106.9992280409502,0
41,37,36.07238503865339,1
81,12,130.84190464419402,0
132,16,100.54384751687031,0
251,18,166.1384541239537,0
354,42,83.42242248910291,0
195,2,143.81465348834223,0
231,43,74.2453388603407,0
78,8,137.62888574608783,0
120,41,84.45114599606856,0
221,30,102.8818134074526,0
293,44,97.42344838832682,0
107,8,139.2864145941348,0
29,27,65.18841505765177,0
235,15,130.36866027583926,0
80,11,133.17319605536017,0
157,38,72.58052575899457,0
14,7,95.08444008230198,0
97,16,135.67645245199554,0
205,26,86.50680149374077,0
88,0,141.1792507554728,0
51,23,87.10744974119783,0
260,11,138.41295278448627,0
239,39,64.38456798481269,0
340,46,79.4143435733391,0
46,42,36.46402933576459,1
129,17,101.18349321570058,0
268,24,132.1246303378699,0
291,32,25.493737857207552,1
30,47,89.0085555418177,0
297,14,105.6516787821804,0
314,43,98.29739229723997,0
38,19,47.42120730476979,0
132,13,137.60503032152135,0
233,15,127.33290136451619,0
38,46,96.73875278716797,0
291,3,137.428083629655,0
343,13,66.44400433296666,0
133,6,150.17838612672716,0
212,29,80.23540968026235,0
223,8,163.1564483465709,0
1,21,109.17994162341549,0
300,11,109.34188616784137,0
228,49,97.47540984112351,0
94,6,138.23231383429706,0
8,29,102.06211614130174,0
73,39,67.26998219544713,0
7,47,85.39141112241579,0
235,12,152.51405543774158,0
88,11,134.50019521200682,0
132,17,88.64002700136139,0
137,28,17.721006883511617,1
88,5,138.3196751123118,0
212,47,74.16680310749311,0
49,13,84.2298686019288,0
233,29,24.23321699375616,1
240,6,140.36367273063829,0
124,10,164.75952238286538,0
65,17,87.45473827022232,0
140,36,12.52905352377626,1
172,47,90.91285570725594,0
339,49,4.023883664327877,1
103,44,137.28968903645628,0
44,8,110.72534984953909,0
71,31,53.463935182909296,0
357,0,138.77277474658047,0
328,43,45.977907719406296,1
95,21,134.52651704818047,0
152,39,79.23737149931564,0
12,6,110.74838514061094,0
338,7,103.79792352062745,0
148,9,149.99226134698367,0
299,43,120.60036755353477,0
155,25,99.67077441897281,0
8,17,78.51319063800429,0
110,18,159.2905813497868,0
53,9,110.30150434531652,0
148,36,91.95110399213895,0
28,24,93.79860154390386,0
213,28,81.76701084661403,0
274,4,139.94203325249583,0
27,29,66.60580022966273,0
92,9,139.97504346393436,0
123,27,42.722984929498324,0
155,19,57.28692596713304,0
7,23,77.61581782429894,0
322,15,48.10321788697843,0
141,44,79.12993887396578,0
312,24,50.7911454478322,0
344,23,84.10107204466375,0
175,24,87.69521226248216,0
160,1,141.890451020861,0
18,14,58.18280515736511,0
206,17,72.72766505183203,0
205,49,82.1466799561244,0
68,41,72.32603065585837,0
104,21,152.8576241420416,0
314,42,97.12856863110639,0
134,29,99.94203902130162,0
331,6,118.19676643004064,0
148,32,69.50050486654264,0
203,36,75.06912553571235,0
10,32,89.6637258040152,0
264,41,167.86480636273208,0
349,24,77.36454099578151,0
256,9,142.72774061353616,0
289,24,79.93885985652483,0
38,27,105.67001415349368,0
279,29,119.6909923527961,0
341,31,92.20954233531054,0
226,19,62.47624674418638,0
170,6,161.5731001058133,0
157,28,85.16362299842775,0
314,7,116.83729426212189,0
97,17,145.24699139429856,0
351,5,115.81661710888152,0
133,48,91.87975392555083,0
41,42,29.532762148518824,1
128,45,51.88592561448398,1
148,25,112.00537065712889,0
176,26,74.46075005710442,0
166,39,89.38377650101941,0
26,5,122.58070617090628,0
160,47,81.96611405984068,0
345,41,88.48597452657043,0
1,16,61.01201832973375,0
331,25,85.54050666971835,0
118,19,124.25320661519241,0
163,46,94.66029526077311,0
106,46,114.58575580231815,0
168,2,143.12150703149635,0
116,41,27.160606146718948,1
341,24,83.29857551200864,0
144,34,14.002460005051258,1
81,43,127.89507069484407,0
216,41,33.820094806282405,1
291,4,137.05718613597236,0
131,27,20.473987421992554,1
327,11,81.9453612686501,0
47,17,44.91543380866359,0
33,22,96.99192292328266,0
308,49,112.16460592387708,0
276,14,132.2269961908948,0
78,3,136.77165189673036,0
272,26,135.10557409978517,0
319,16,46.27991440573391,0
249,46,67.26796666448992,1
353,9,76.59869628071749,0
261,39,169.37785354610804,0
203,49,81.49899094878701,0
335,37,70.23119628449318,0
316,41,82.71314658297415,0
190,26,85.82879078239715,0
0,21,103.76207950703075,0
345,1,134.47219105730795,0
213,8,160.38702441253912,0
280,35,111.91210574090617,0
310,29,9.26738497901683,1
63,15,96.0053051306967,0
232,25,54.538497039030084,0
151,14,76.453126266386,0
315,1,138.91496476871882,0
246,27,104.81098809123004,0
15,15,58.30141702312974,0
249,48,105.88118915480457,0
31,6,115.75476170109934,0
216,17,75.51628713237966,0
56,13,92.63319795169876,0
45,42,32.49024063395544,1
286,8,138.6604329250617,0
331,38,6.0689968592266075,1
64,6,140.35062518419747,0
249,8,149.2036164729433,0
224,32,56.67992430241484,1
20,5,120.2428066448719,0
204,19,68.96656726387485,0
285,6,140.9630759879761,0
83,8,145.03400748420873,0
305,15,75.9558850173819,0
218,46,71.10183763732802,0
84,11,138.36349004995333,0
43,34,73.97789422975208,0
198,28,69.10657212714918,0
189,4,156.45919324852935,0
138,26,17.743962504725477,1
145,36,69.06962500258095,0
120,17,134.13301227168776,0
311,2,143.88408915097534,0
34,17,46.801714300132154,0
350,42,81.30885268719915,0
145,26,116.09949395277988,0
340,16,57.45545552740493,0
276,43,141.61965742234966,0
72,7,134.74630803186292,0
161,30,83.42622110315574,0
80,25,117.80117034489346,0
96,39,162.80780044746666,0
247,17,154.79509058999867,0
331,22,115.91102645089872,0
74,8,138.90008303255897,0
46,45,79.45636210686264,0
145,43,11.902289264253605,1
263,34,155.1193924338597,0
48,0,142.67522499699206,0
100,46,168.34275511769897,0
225,10,147.68276109947678,0
106,31,132.44122402398534,0
298,26,18.295445534140878,1
16,42,92.29755990467689,0
183,31,100.46701621267381,0
155,41,87.92745537586292,0
132,5,146.55994372359777,0
253,24,146.80778027294434,0
42,31,6.800905061086957,1
151,32,76.45233684174394,0
158,32,96.19334951729152,0
241,3,143.03006908073687,0
2,20,118.5073913308506,0
67,21,76.20479151975545,0
149,0,140.72294481521874,0
278,30,119.02569413171385,0
98,12,143.30171587558868,0
347,20,131.02222712082985,0
181,10,114.18797865077042,0
124,47,64.0122060653177,1
235,26,49.43306476471509,0
93,1,141.30312509660806,0
236,39,110.84617358185909,0
355,16,62.1107123481777,0
250,10,154.72177938438767,0
357,36,96.14578006923999,0
216,18,74.70857607062125,0
73,20,118.05564822007452,0
308,9,113.31039494516646,0
71,19,112.1754942822815,0
67,34,17.570279598549924,1
175,33,84.97934349101685,0
160,12,98.5020548197857,0
270,8,147.26205696762062,0
243,41,88.17669975122574,0
173,18,67.74460464441897,0
305,4,133.93494763663836,0
144,34,14.002460005051258,1
170,26,77.55121127216172,0
132,11,149.66725104986747,0
117,14,160.10869375360463,0
336,8,94.9479191997036,0
213,2,143.63277673843803,0
288,27,75.54672770496428,0
107,1,139.93310342443522,0
308,17,51.440755124205126,0
7,49,84.92416202374483,0
24,3,133.32127665271187,0
263,41,177.70344008530228,0
